dL8JsWGaQ3lvfRRVLmzI1YeEeNBj3NpefMNZv8UyuPhk3hfioFQI5wWH7bjVPvpO0i/e5UBXvdgWD10jnDzuAUfk+uF9K9ZVNKnVgnu+IFOkmrz43Q62AImjD0y1OWwAfRV/f7Ykix+pPgo27szjeZI9MYjdWt5FSJCX9YDxjARnMDBkX2IweQ==
LyhA06atljqvkPoqwAIAnsI9luyLmbt45ZxI1TyLdlZ1k/qdjLDoPGBjPLU8YYtR2MBIqKGdeVH+8b/4wFPqBiBaVCjLm1RJI3SirO8xFVfjd4dVfk4/T48Fx5uNDreeoeirGY4+nO/sIGpuVlL2XR4st76Cp9EYn4s/khHEZwpncmVhdF9jeWJlcm5ldGljX3Jldm9sdXRpb24=
VU7F0YiZ2KuSB8rOznxYmFj0Yn3lnXnuvA2KL77BnFWt/eHyjiMO7wLmKLZyt4ckOCjfuLSfhtPunZlTB3CmCntLR7yRsThRip8Fhaf8RjmGhy5PDpTMcwleNiKfAQ0b4MgoocGXeYWEKF4lzqxPvx81ZLMcbmWXqtSdnZCh4wtzdW0=
sqxah/u/5btFU84ZB1amSi//YfR0AvrG0KagNhkSCNrn1UNjqkpoESl2/8VDNSxAuWFw+bQyIn5//GtpHHbZA35x0OstDRRfgdPqFCz7kr0gDWtbKjrvVIIQP7YgpikWPdbvxXe4eAQ7sXzzAerLf/8zTUFb1+lAk94BgPVwMwxjcmltaW5hbHM=
